1. d_weight: 0.75
2. Total run: 5
3. Average time: 0.009715652465820313
4. Total probability: 1.0000000014753287
p(8184)=0.0001742692129095053
p(62)=0.00017335976773772465
p(5639)=0.00011874363423958739
p(6229)=0.00011815353583234771
p(8839)=0.00011762083406672617
p(4090)=0.00011677570685618367
p(755)=0.00011317379796178386
p(8943)=0.0001130915756847291
p(6669)=0.00011187318034272151
p(1264)=0.00011142823109539558
p(4702)=0.00011095739242692424
p(3235)=0.00011039469748758136
p(1552)=0.00011018257279499175
p(7874)=0.00011015469052130573
p(1279)=0.00010991257943188618
p(5659)=0.00010952728902985736
p(6324)=0.0001093736557605455
p(9421)=0.00010937356300038078
p(2259)=0.00010932844011225722
p(7618)=0.00010925551457616985

1. d_weight: 0.8
2. Total run: 5
3. Average time: 0.011638116836547852
4. Total probability: 1.0000000017347102
p(8184)=0.00017912353384723597
p(62)=0.00017821399217397455
p(5639)=0.00011998058404631869
p(6229)=0.00011934808299753733
p(8839)=0.0001187810118409233
p(4090)=0.00011788107763841446
p(755)=0.00011403899890516172
p(8943)=0.00011396346741858274
p(6669)=0.000112659078926602
p(1264)=0.00011218350704729695
p(4702)=0.00011168673086962749
p(3235)=0.00011108405238584898
p(1552)=0.00011086682691487557
p(7874)=0.00011082844068088645
p(1279)=0.00011058253125471183
p(5659)=0.00011015536940614167
p(6324)=0.0001099876593515912
p(9421)=0.00010998759077582408
p(2259)=0.00010995690101585745
p(7618)=0.00010986561752896433

1. d_weight: 0.85
2. Total run: 5
3. Average time: 0.008306550979614257
4. Total probability: 1.0000000020341535
p(8184)=0.0001839657014066561
p(62)=0.00018306355652385775
p(5639)=0.0001212159079615953
p(6229)=0.00012054062295029785
p(8839)=0.00011993932471958007
p(4090)=0.00011898477839726982
p(755)=0.00011490255815543335
p(8943)=0.00011483524623035439
p(6669)=0.0001134442622130491
p(1264)=0.00011293795214794276
p(4702)=0.00011241591486757628
p(3235)=0.00011177294112305942
p(1552)=0.00011155173260325561
p(7874)=0.00011150176714287317
p(1279)=0.00011125360373278172
p(5659)=0.00011078255741515483
p(6324)=0.00011060032518180532
p(9421)=0.00011060028170832917
p(2259)=0.00011058615963309922
p(7618)=0.00011047484577537222

1. d_weight: 0.9
2. Total run: 5
3. Average time: 0.008778047561645509
4. Total probability: 1.0000000023790583
p(8184)=0.0001887957094376724
p(62)=0.00018790844215596538
p(5639)=0.00012244959747164744
p(6229)=0.00012173114744684915
p(8839)=0.00012109576433042827
p(4090)=0.00012008680129975072
p(755)=0.0001157644739496038
p(8943)=0.00011570691165734206
p(6669)=0.00011422872858626649
p(1264)=0.00011369156552944251
p(4702)=0.00011314494268968975
p(3235)=0.00011246136147666806
p(1552)=0.00011223728542323843
p(7874)=0.00011217466644901365
p(1279)=0.00011192579366213028
p(5659)=0.00011140885161220936
p(2259)=0.00011121621199011238
p(6324)=0.00011121165780171053
p(9421)=0.00011121163982928668
p(7618)=0.00011108319790257679

1. d_weight: 0.95
2. Total run: 5
3. Average time: 0.010245752334594727
4. Total probability: 1.0000000027753315
p(8184)=0.00019361355173623174
p(62)=0.00019274863048394187
p(5639)=0.00012368164404064565
p(6229)=0.00012291964822164057
p(8839)=0.00012225032227795242
p(4090)=0.00012118713849102676
p(755)=0.00011662474453167252
p(8943)=0.00011657846324864891
p(6669)=0.00011501247644235148
p(1264)=0.0001144443463308024
p(4702)=0.00011387381261820555
p(3235)=0.000113149311241737
p(1552)=0.00011292348094937419
p(7874)=0.00011284713515872648
p(1279)=0.00011259909785254892
p(5659)=0.00011203425055888625
p(2259)=0.00011184705412835387
p(9421)=0.0001118216691752194
p(6324)=0.00011182166176948424
p(7618)=0.0001116906725091184

